1    Crawler   (0,0),(1,0),(2,0),(3,0),(4,0),(5,0),(6,0),(7,0),(8,0),(9,0),(9,1),(9,2),(9,3),(9,4),(9,5),(9,6),(9,7),(9,8),(9,9),(8,9),(7,9),(6,9),(5,9),(4,9),Eaten by 7
2    Hopper    (9,0),(7,0),(5,0),(3,0),Eaten by 1
3    Crawler   (9,9),(9,8),(9,7),(9,6),Eaten by 7
4    Hopper    (6,3),(2,3),(0,3),(0,7),(0,9),(4,9),(8,9),(9,9),(5,9),(1,9),Eaten by 6
5    Crawler   (5,4),(6,4),(7,4),(8,4),(9,4),(9,5),(9,6),(9,7),(9,8),Eaten by 7
6    Crawler   (1,3),(1,4),(1,5),(1,6),(1,7),(1,8),(1,9),(0,9),(1,9),(2,9),(3,9),(4,9),(5,9),(6,9),(7,9),Eaten by 7
7    Jitter    (7,5),(8,5),(8,6),(9,6),(9,7),(9,8),(8,8),(9,8),(9,7),(8,7),(8,8),(8,9),(8,8),(7,8),(7,9),(7,8),(7,9),(7,8),(6,8),(5,8),(5,7),(5,8),(4,8),(4,9),(3,9),(2,9),(2,8),(2,9),(1,9),(0,9),(1,9),(1,8),(1,9),(2,9),(3,9),(2,9),Alive
8    Jitter    (2,4),(3,4),(3,3),Eaten by 11
9    Jitter    (3,2),(4,2),(4,1),(4,2),(5,2),(5,1),(4,1),(4,2),(4,1),(4,2),(4,1),(4,0),(5,0),(5,1),(4,1),(5,1),(4,1),(4,2),(3,2),(3,3),(4,3),(5,3),(4,3),Eaten by 11
10   Jitter    (4,7),(4,6),(3,6),(3,5),(2,5),(1,5),(1,4),(1,3),(2,3),(3,3),Eaten by 11
11   Super     (3,3),(4,3),(4,2),(4,3),(5,3),(6,3),(7,3),(7,4),(6,4),(6,5),(7,5),(7,4),(7,5),(7,6),(6,6),(6,7),(5,7),(4,7),(3,7),(2,7),(2,8),(1,8),(0,8),(0,9),(0,9),(0,9),(1,9),(2,9),(0,-1),Eaten by 7
